grid 50 50
capacity 1
num net 400
0 33 36 27 15
1 43 35 36 42
2 49 21 12 27
3 40 9 13 26
4 40 26 22 36
5 11 18 17 29
6 32 30 12 23
7 17 35 29 2
8 22 8 19 17
9 43 6 11 42
10 29 23 21 19
11 34 37 48 24
12 15 20 13 26
13 41 30 6 23
14 12 20 46 31
15 5 25 34 27
16 36 5 46 29
17 13 7 24 45
18 32 45 14 17
19 34 14 43 0
20 37 8 26 28
21 38 34 3 1
22 4 49 32 10
23 26 18 39 12
24 26 36 44 39
25 45 20 34 28
26 17 1 47 2
27 17 42 2 6
28 1 30 36 41
29 15 39 44 19
30 40 29 31 17
31 47 21 31 25
32 9 27 17 6
33 47 3 36 15
34 6 33 19 24
35 28 21 32 29
36 3 19 20 18
37 8 15 40 49
38 46 23 18 45
39 46 1 21 5
40 29 38 14 28
41 41 0 43 0
42 34 14 24 14
43 37 6 43 41
44 27 15 9 36
45 32 1 37 28
46 25 7 24 21
47 8 45 29 37
48 35 43 18 28
49 43 11 28 29
50 26 4 43 13
51 13 38 6 40
52 4 18 28 38
53 19 17 17 46
54 24 43 20 33
55 40 49 22 25
56 44 40 5 39
57 4 36 19 32
58 42 14 47 7
59 5 4 48 11
60 22 28 49 43
61 46 18 40 22
62 11 10 5 1
63 11 30 28 5
64 20 36 44 26
65 22 15 8 16
66 32 8 24 37
67 12 24 0 36
68 2 49 29 0
69 18 21 23 31
70 31 30 33 44
71 10 13 49 31
72 49 46 9 23
73 13 18 40 45
74 26 16 34 40
75 40 34 26 42
76 36 7 45 6
77 29 18 37 12
78 48 22 9 9
79 36 10 42 37
80 6 1 13 22
81 21 5 19 49
82 21 4 39 11
83 40 17 5 28
84 27 0 34 8
85 20 24 22 19
86 46 31 30 34
87 42 22 22 0
88 25 35 22 49
89 40 42 48 13
90 48 40 24 40
91 9 31 19 36
92 32 5 44 4
93 29 19 23 26
94 0 5 10 42
95 29 34 43 5
96 21 17 4 13
97 11 4 26 9
98 44 2 2 6
99 34 21 42 18
100 28 39 22 8
101 8 48 36 8
102 3 48 3 33
103 33 48 40 4
104 17 46 18 29
105 0 46 38 47
106 49 40 3 33
107 13 47 3 42
108 36 25 2 46
109 25 38 7 29
110 36 10 14 21
111 10 4 28 27
112 0 48 6 2
113 44 47 49 43
114 39 2 28 3
115 0 31 47 38
116 9 1 35 34
117 39 42 15 27
118 4 29 49 14
119 35 29 43 35
120 27 0 38 21
121 49 39 17 38
122 42 45 43 44
123 29 40 32 40
124 41 19 26 32
125 11 42 10 17
126 23 11 31 9
127 40 25 46 17
128 27 34 40 26
129 24 7 14 18
130 5 8 12 36
131 0 46 26 44
132 16 2 28 29
133 46 40 47 20
134 1 30 31 43
135 7 27 12 36
136 14 5 12 40
137 12 29 10 19
138 39 24 5 41
139 20 33 37 38
140 38 16 20 34
141 6 17 6 10
142 49 37 5 9
143 17 18 45 33
144 23 8 23 37
145 39 33 7 28
146 7 14 21 29
147 0 9 18 38
148 25 38 24 33
149 7 31 43 8
150 20 49 17 39
151 19 13 22 44
152 23 47 31 12
153 32 40 42 41
154 7 15 21 7
155 24 41 47 1
156 31 21 37 40
157 4 30 48 25
158 31 16 16 2
159 31 39 46 4
160 38 30 18 21
161 20 12 12 29
162 27 35 36 4
163 26 33 7 9
164 7 44 49 11
165 27 0 36 10
166 18 5 13 49
167 44 11 5 34
168 41 25 5 14
169 39 18 43 18
170 5 32 22 32
171 17 30 43 24
172 26 43 36 3
173 43 24 14 13
174 29 27 12 25
175 38 19 10 32
176 44 17 46 35
177 37 41 3 43
178 23 28 25 41
179 10 18 17 36
180 13 5 40 8
181 30 4 21 11
182 33 35 39 23
183 4 1 5 0
184 18 3 35 6
185 45 39 49 20
186 17 26 13 27
187 46 31 15 10
188 36 5 20 18
189 11 42 32 46
190 29 21 20 34
191 22 27 34 40
192 33 22 48 30
193 13 47 0 30
194 23 14 9 22
195 47 24 32 35
196 32 4 4 43
197 48 36 40 28
198 9 12 12 33
199 41 48 23 24
200 22 22 4 35
201 21 7 15 47
202 21 26 19 18
203 1 3 3 33
204 7 9 28 6
205 47 20 34 8
206 34 48 41 26
207 48 15 2 21
208 39 9 6 10
209 16 24 9 39
210 0 28 9 3
211 31 14 38 39
212 26 17 47 23
213 37 31 32 22
214 31 25 0 29
215 40 4 0 31
216 13 7 44 31
217 31 3 20 33
218 32 31 37 15
219 46 25 4 22
220 42 1 47 32
221 34 31 6 15
222 7 8 45 49
223 12 47 33 26
224 4 27 9 37
225 32 32 21 16
226 13 10 32 11
227 35 36 35 30
228 40 33 14 26
229 16 20 42 25
230 28 39 25 40
231 36 10 18 43
232 37 28 32 21
233 10 5 38 25
234 15 20 37 3
235 8 22 33 0
236 7 47 27 26
237 19 21 1 49
238 10 28 39 48
239 38 10 43 27
240 40 26 49 2
241 31 37 27 49
242 7 16 2 17
243 41 35 18 48
244 34 45 26 5
245 16 28 4 28
246 8 43 28 47
247 5 22 24 45
248 0 25 47 33
249 12 27 32 21
250 43 34 39 34
251 21 9 35 7
252 4 11 12 22
253 41 16 2 0
254 12 32 49 17
255 4 23 15 6
256 1 14 40 13
257 41 22 37 37
258 9 28 21 30
259 37 6 40 41
260 20 2 15 11
261 19 17 11 33
262 1 12 0 6
263 38 17 14 39
264 32 4 4 25
265 29 41 12 38
266 19 36 20 6
267 44 10 49 14
268 15 14 26 36
269 33 39 19 35
270 2 21 43 40
271 39 9 31 23
272 14 35 48 45
273 27 13 33 48
274 49 5 5 43
275 18 6 10 33
276 23 36 21 8
277 27 40 45 31
278 11 40 23 0
279 0 4 25 14
280 42 24 9 19
281 39 44 19 38
282 1 26 33 19
283 33 43 4 6
284 31 25 16 11
285 17 12 42 29
286 2 18 31 2
287 24 7 18 16
288 33 27 37 22
289 23 7 12 25
290 33 47 46 18
291 41 3 26 24
292 30 43 35 48
293 5 30 29 9
294 48 10 12 24
295 19 30 41 2
296 10 30 26 33
297 39 40 8 23
298 38 7 43 31
299 10 20 5 40
300 13 41 38 20
301 21 17 29 21
302 30 43 45 49
303 24 38 4 36
304 19 32 19 10
305 23 30 33 13
306 37 29 44 49
307 49 1 39 14
308 42 30 36 15
309 49 15 36 31
310 11 34 33 37
311 22 37 23 43
312 19 42 4 44
313 24 39 9 13
314 18 3 12 19
315 5 4 33 49
316 34 19 15 35
317 37 3 19 0
318 37 2 37 12
319 39 10 5 10
320 4 11 7 29
321 3 16 42 21
322 22 5 43 29
323 11 28 28 47
324 0 45 32 37
325 49 1 39 36
326 3 26 48 44
327 36 6 7 42
328 17 14 21 20
329 30 16 44 4
330 23 37 33 34
331 17 12 31 17
332 9 15 6 8
333 19 45 45 22
334 21 45 19 9
335 1 26 2 21
336 40 25 43 22
337 41 39 27 16
338 28 12 0 46
339 24 33 13 36
340 49 20 44 18
341 15 41 42 39
342 37 13 48 40
343 39 2 13 31
344 28 7 4 21
345 46 33 38 25
346 45 40 21 22
347 26 34 8 25
348 6 2 45 22
349 46 39 11 33
350 3 11 25 42
351 16 39 24 44
352 46 30 17 44
353 13 7 19 10
354 0 42 32 26
355 29 40 3 35
356 45 48 7 41
357 37 20 26 40
358 34 1 33 0
359 42 9 46 40
360 39 13 35 4
361 23 6 14 23
362 1 49 1 30
363 39 4 15 36
364 2 25 29 41
365 47 7 34 31
366 11 19 31 3
367 28 27 44 19
368 43 31 23 18
369 37 39 43 38
370 38 44 20 30
371 48 36 18 2
372 13 48 45 10
373 5 29 42 16
374 48 25 22 28
375 3 16 47 48
376 47 22 16 36
377 12 9 27 0
378 3 47 32 3
379 35 1 7 48
380 49 4 11 6
381 34 3 25 34
382 28 47 13 33
383 15 10 31 14
384 35 47 0 47
385 8 29 49 13
386 29 34 16 14
387 35 25 15 36
388 30 26 42 16
389 29 19 2 9
390 16 15 45 33
391 28 26 47 13
392 26 0 12 36
393 29 13 0 8
394 47 16 25 32
395 44 40 20 26
396 18 15 44 49
397 34 46 8 3
398 12 3 36 42
399 32 34 7 10
