92
71 214
93 180
255 1462
294 462
311 322
354 377
391 396
499 532
560 883
628 732
733 868
797 821
895 1276
905 1025
1027 1039
1065 1103
1133 1261
1148 1197
1284 1354
1358 1459
1404 1454
1467 1510
1517 2049
1524 1544
1594 1658
1597 1626
1740 2046
1809 1907
1844 1904
1853 1860
1928 1983
1930 1974
2005 2043
2051 4999
2058 2074
2097 2126
2139 2144
2187 2753
2199 2203
2234 2285
2289 2457
2322 2448
2329 2397
2434 2436
2469 2746
2494 2552
2563 2729
2587 2611
2696 2713
2763 4995
2797 3121
2858 2868
2956 3116
2967 3104
3028 3097
3045 3096
3106 3108
3122 4994
3210 4044
3227 3312
3264 3285
3314 3621
3364 3593
3366 3564
3386 3480
3422 3468
3430 3438
3502 3550
3624 3868
3643 3844
3659 3686
3771 3825
3871 3955
3880 3888
3956 4040
4045 4584
4086 4168
4097 4118
4217 4368
4221 4239
4306 4353
4379 4389
4421 4456
4497 4570
4585 4991
4636 4781
4658 4746
4747 4752
4830 4973
4846 4913
4852 4893
4945 4961
